,files.MinimumData,files.Imputation,files.SNPs,files.Ascertainment,files.fileBaseName,COMBINED.table.contig_flt10.bayenvED,var_out_588ind_all_v2_COMBINED.table.contig_flt10.noncoding.bayenv.covmatED,var_out_588ind_all_v2_COMBINED.table.contig_flt80.bayenv.covmatED,var_out_588ind_all_v2_COMBINED.table.contig_flt80.noncoding.bayenv.covmatED,var_out_spruce_all_beagle10_p99.tab.bayenv.covmatED,var_out_spruce_all_beagle10_p99.tab.noncoding.bayenv.covmatED,var_out_spruce_all_beagle80_p99.tab.bayenv.covmatED,var_out_spruce_all_beagle80_p99.tab.noncoding.bayenv.covmatED,spruce_GBS_all.table.contig_flt10.bayenv.covmatEDCOMBINED.table.contig_flt10.bayenvED,10%,No,all,seqcap,var_out_588ind_all_v2_COMBINED.table.contig_flt10,1,0.970068688,0.934070958,0.916124625,0.778128814,0.813198905,0.934071105,0.919016689,0.636640401var_out_588ind_all_v2_COMBINED.table.contig_flt10.noncoding.bayenv.covmatED,10%,No,noncoding,seqcap,var_out_588ind_all_v2_COMBINED.table.contig_flt10.noncoding,0.970068688,1,0.950668936,0.934842609,0.809425691,0.850365306,0.949838353,0.932544548,0.656581315var_out_588ind_all_v2_COMBINED.table.contig_flt80.bayenv.covmatED,80%,No,all,seqcap,var_out_588ind_all_v2_COMBINED.table.contig_flt80,0.934070958,0.950668936,1,0.973234563,0.894125965,0.908637485,0.994768483,0.971002553,0.666556617var_out_588ind_all_v2_COMBINED.table.contig_flt80.noncoding.bayenv.covmatED,80%,No,noncoding,seqcap,var_out_588ind_all_v2_COMBINED.table.contig_flt80.noncoding,0.916124625,0.934842609,0.973234563,1,0.887502659,0.900812747,0.973061462,0.989072878,0.638530186var_out_spruce_all_beagle10_p99.tab.bayenv.covmatED,10%,Yes,all,seqcap,var_out_spruce_all_beagle10_p99.tab,0.778128814,0.809425691,0.894125965,0.887502659,1,0.932658209,0.887265237,0.875601439,0.626135488var_out_spruce_all_beagle10_p99.tab.noncoding.bayenv.covmatED,10%,Yes,noncoding,seqcap,var_out_spruce_all_beagle10_p99.tab.noncoding,0.813198905,0.850365306,0.908637485,0.900812747,0.932658209,1,0.904655896,0.889817543,0.630127187var_out_spruce_all_beagle80_p99.tab.bayenv.covmatED,80%,Yes,all,seqcap,var_out_spruce_all_beagle80_p99.tab,0.934071105,0.949838353,0.994768483,0.973061462,0.887265237,0.904655896,1,0.974802335,0.65674841var_out_spruce_all_beagle80_p99.tab.noncoding.bayenv.covmatED,80%,Yes,noncoding,seqcap,var_out_spruce_all_beagle80_p99.tab.noncoding,0.919016689,0.932544548,0.971002553,0.989072878,0.875601439,0.889817543,0.974802335,1,0.629911325spruce_GBS_all.table.contig_flt10.bayenv.covmatED,10%,No,noncoding,GBS,spruce_GBS_all.table.contig_flt10,0.636640401,0.656581315,0.666556617,0.638530186,0.626135488,0.630127187,0.65674841,0.629911325,1